10.5
10.46
10.46
10.45
10.45
10.45
10.45
10.24
10.06
9.86
9.83
9.67
9.5
9.32
8.76
8.71
8.53
8.26
7.96
7.77
6.8
6.55
5.78
5.3
5.29
5.01
4.72
4.44
10.1
9.89
9.75
9.69
9.52
9.06
9.04
8.92
8.83
8.37
8.26
7.85
7.64
7.5
6.98
6.85
6.32
6.05
5.95
5.6
5.5
5.02
4.74
4.62
4.33
4.08
3.99
3.85
3.62
3.38
3.15
3.14
10.2
10.05
9.95
9.94
9.92
9.87
9.62
9.66
9.9
9.65
9.62
9.23
9.21
8.79
8.37
7.71
7.58
6.93
6.47
6.37
5.54
5.02
4.97
4.59
4.31
4.14
4.11
3.89
3.66
3.43
3.35
10.4
10.22
10.2
10.14
10.14
10.07
9.72
9.42
9.32
9.27
9.02
8.6
8.56
8.32
8.18
7.71
7.16
7.08
6.61
6.38
5.79
5.14
5.1
4.65
4.31
4.21
4.07
3.83
3.59
3.39
10.5
10.52
10.51
10.48
10.47
10.34
9.85
9.7
9.29
9.2
9.35
8.28
8.24
7.95
7.5
7.42
6.98
6.94
6.54
5.86
5.77
5.3
4.83
4.36
4.1
11.6
11.69
11.69
11.66
11.64
11.64
11.64
11.61
11.36
11.18
10.2
9.9
8.83
8.29
8.11
7.65
7.5
6.98
6.72
6.54
5.96
5.78
5.09
4.68
4.54
4.17
3.88
3.78
3.67
3.48
3.28
3.08
2.88
2.78
12.5
12.66
12.66
12.64
12.64
12.64
12.64
12.64
12.63
12.64
12.66
12.52
11.94
11.77
10.84
9.73
8.9
7.75
8.16
7.03
6.76
6.07
5.21
5.12
4.71
4.38
4.28
4.14
3.89
3.63
3.37
3.11
3.08
12.2
12.22
12.22
12.23
12.23
12.23
12.21
12.2
12.24
12.25
12.49
12.6
11.74
9.91
9.83
8.3
8.06
7.61
7.21
7.1
5.93
5.49
5.13
4.67
4.44
4.39
4.11
3.84
3.56
3.52
12
8.86
12
11.99
11.99
11.99
12
11.95
11.7
11.57
11.2
10.67
9.36
8.88
8.56
8.31
7.98
7.38
6.86
6.68
5.94
5.34
5.22
4.73
4.37
4.32
4.11
3.84
3.58
3.32
3.2
11.7
11.62
11.61
11.58
11.58
11.58
11.58
11.56
11.54
11.31
11.23
10.82
10.36
10.21
9.49
9.16
8.71
8.49
8.39
7.91
7.66
6.99
6.24
6.17
5.48
4.89
4.72
4.53
4.23
3.94
3.65
3.42
11.5
11.5
11.5
11.5
11.5
11.52
11.53
11.49
11.42
11.4
11.37
11.13
10.63
10.56
9.73
9.17
8.66
8.28
8.25
7.78
7.55
6.93
6.3
6.16
5.48
4.9
4.8
4.55
4.24
3.93
3.63
3.57
11.4
11.38
11.38
11.39
11.39
11.39
11.4
11.35
11.23
11.35
11.49
11.07
9.79
9.19
8.87
8.56
8.24
7.61
7.53
6.93
6.34
5.87
5.28
5.2
4.8
4.39
4.13
4.07
3.85
3.62
3.39
3.18
11.5
11.48
11.48
11.47
11.47
11.47
11.48
11.48
11.45
11.4
10.97
10.71
9.6
8.9
8.62
7.98
7.69
7.11
6.9
6.55
5.68
5.51
5.11
5.04
4.85
4.49
4.14
4.08
3.89
3.65